  995.0    147   30.2   18.2     49  13.40    200      2  303.8  343.9  306.2
  992.0    174   27.8   16.8     51  12.28    199      2  301.6  338.1  303.9
  925.0    788   21.8   14.8     64  11.57    185      8  301.6  336.0  303.7
  910.0    929   20.6   14.5     68  11.51    175     10  301.8  336.1  303.9
  896.0   1064   19.6   14.2     71  11.45    155     12  302.0  336.1  304.1
  889.0   1131   19.0   14.0     73  11.43    159     11  302.1  336.2  304.2
  880.0   1219   20.2    9.2     49   8.36    164     10  304.3  329.6  305.8
  850.0   1517   17.8    7.8     52   7.87    180      6  304.8  328.7  306.2
  773.0   2321   11.8    4.8     62   7.02    242      9  306.7  328.3  308.0
  764.0   2418   11.0    4.7     65   7.06    250     10  306.9  328.7  308.2
  746.0   2616    9.5    4.5     71   7.13    230     10  307.3  329.3  308.6
  714.0   2979    6.6    4.2     84   7.27    250     14  308.0  330.5  309.4
  701.0   3131    5.4    4.0     91   7.32    273     12  308.3  331.0  309.7
  700.0   3143    5.2    3.3     88   6.98    275     12  308.2  329.8  309.5
  669.0   3511    2.5    0.5     87   5.97    265     17  309.2  327.8  310.3
  653.0   3707    1.0   -1.0     86   5.48    268     16  309.6  326.9  310.7
  644.0   3818    0.4   -1.8     85   5.22    270     16  310.2  326.7  311.2
  595.0   4448   -2.9   -6.6     76   3.94    240     12  313.5  326.3  314.2
  581.0   4638   -3.9   -8.0     73   3.61    270     12  314.5  326.3  315.1
  567.0   4832   -4.9   -9.5     70   3.30    247     12  315.5  326.4  316.1
  560.0   4929   -5.5   -9.4     74   3.36    235     12  315.9  327.0  316.5
  555.0   5000   -5.9   -9.4     76   3.40    241     12  316.2  327.4  316.9
  551.0   5056   -6.3   -9.5     78   3.39    245     12  316.4  327.6  317.1
  508.0   5688  -10.5  -10.9     97   3.30    258      4  318.7  329.7  319.4
  500.0   5810  -10.7  -12.4     87   2.97    260      2  319.9  329.9  320.5
  448.0   6638  -16.1  -20.1     71   1.73    220     10  323.3  329.4  323.6
  422.0   7089  -19.1  -24.4     63   1.27    210     10  325.1  329.6  325.3
  411.0   7288  -20.4  -26.2     60   1.10    180     10  325.8  329.9  326.1
  407.0   7362  -20.9  -26.9     59   1.04    180     10  326.1  329.9  326.3
  405.0   7398  -21.1  -24.7     73   1.28    180     11  326.3  331.0  326.6
  403.0   7435  -21.3  -28.3     53   0.93    180     11  326.5  329.9  326.7
  400.0   7490  -21.5  -26.4     65   1.11    180     12  327.0  331.0  327.2
  393.0   7620  -22.1  -28.1     58   0.97    185     12  327.8  331.4  328.0
  387.0   7731  -23.1  -28.7     60   0.93    190     12  328.0  331.4  328.2
  378.0   7901  -24.6  -29.6     63   0.88    175     10  328.2  331.5  328.4
  353.0   8395  -28.9  -32.2     73   0.73    195     14  328.9  331.6  329.0
  342.0   8624  -30.9  -33.4     79   0.67    189     16  329.1  331.7  329.3
  334.0   8792  -32.1  -41.1     40   0.32    185     18  329.8  331.0  329.8
  322.0   9049  -34.1  -43.1     40   0.26    178     20  330.4  331.5  330.5
  317.0   9158  -34.9  -38.8     68   0.42    175     21  330.8  332.5  330.9
  310.0   9313  -36.3  -42.3     54   0.30    171     23  331.0  332.2  331.0
  300.0   9540  -38.1  -41.2     73   0.35    165     25  331.6  332.9  331.6
  288.0   9820  -40.3  -43.0     75   0.30    154     25  332.3  333.5  332.4
  284.0   9915  -41.1  -44.4     71   0.26    150     25  332.5  333.6  332.6
  276.0  10109  -42.7  -47.1     62   0.20    154     25  332.9  333.7  332.9
  275.0  10134  -42.7  -54.7     26   0.08    155     25  333.2  333.6  333.3
  250.0  10770  -48.1  -53.0     57   0.11    170     23  334.4  334.9  334.4
  233.0  11228  -51.8  -55.3     66   0.09    180     31  335.6  336.0  335.6
  229.0  11341  -52.7  -55.9     68   0.09    179     30  335.9  336.3  335.9
  206.0  12014  -58.1  -62.0     61   0.04    175     22  337.7  337.9  337.8
  205.0  12045  -58.0  -62.9     53   0.04    175     21  338.3  338.5  338.3
  201.0  12169  -57.7  -66.7     31   0.02    163     17  340.8  340.9  340.8
  200.0  12200  -57.9  -66.9     31   0.02    160     16  340.9  341.0  340.9
  198.0  12263  -58.4  -66.8     33   0.02    150     16  341.2  341.3  341.2
  187.0  12620  -61.0  -66.0     51   0.03    145     19  342.6  342.7  342.6
  184.0  12721  -61.7  -65.8     58   0.03    155     19  343.0  343.1  343.0
  181.0  12824  -60.6  -69.1     32   0.02    170     21  346.4  346.5  346.4
  178.0  12928  -59.5  -72.5     17   0.01    174     20  349.8  349.9  349.8
  171.0  13182  -55.5  -81.5      3   0.00    185     17  360.5  360.5  360.5
  164.0  13449  -53.9  -79.9      3   0.00    163     15  367.5  367.5  367.5
  160.0  13607  -54.5  -80.2      3   0.00    150     14  369.2  369.2  369.2
  150.0  14020  -55.9  -80.9      3   0.00    185     16  373.6  373.6  373.6
  146.0  14191  -56.0  -81.3      3   0.00    190     14  376.3  376.3  376.3
  144.0  14279  -56.0  -81.4      3   0.00    210     10  377.7  377.7  377.7
  127.0  15075  -56.5  -83.1      2   0.00    200      2  390.7  390.7  390.7
  100.0  16590  -57.3  -86.3      1   0.00    250      8  416.7  416.8  416.7
   96.0  16849  -57.2  -86.3      1   0.00    305     12  421.9  421.9  421.9
   70.0  18850  -56.1  -86.1      1   0.00    170      6  464.0  464.0  464.0
   66.0  19224  -56.3  -86.7      1   0.00      0      0  471.4  471.4  471.4
   59.3  19904  -56.7  -87.7      1   0.00      6      2  485.2  485.2  485.2
   50.0  20990  -54.9  -86.9      1   0.00     15      6  513.7  513.7  513.7